%Lucas Alvarez 2006 replication program

%input parameters (notation from paper)

p = struct;

p.alp = .75;
p.bet = .5;
p.the = .15; %three values in AL .1,.15,.25
p.eta = 2;


%data
siz = [27.99;15.69;7.35;5.25;4.86;4.3;3.85;2.86;2.29;2.06;1.93;1.4;1.34;...
    1.32;1.31;1.09;.94;.91;.85;.80;.72;.61;.59;.58;.52;.50;.49;.47;.47;.47;...
    .41;.40;.36;.32;.32;.31;.29;.29;.29;.26;.25;.25;.23;.20;.19;.18;.18;...
    .16;.15;.15;.14;.12;.11;.11;.08;.08;.07;.06;.06;.05];
relp = [1.37;1.65;1.48;.7;1.55;1.28;1.27;.7;1;1.3;1.35;.72;.7;1.13;1.51;...
    .48;1.02;1.7;1.61;1.61;1.57;.62;.6;1.5;1.7;1.67;.64;.65;.7;.7;1.39;...
    1.08;.97;1.65;.48;.7;.71;.7;2.02;1.29;.22;.67;.82;.76;1.29;.72;.52;...
    .7;.52;.24;.68;.38;.5;.61;.28;.3;.37;.43;.4;.57];
omeg = (100-[5.4;5.48;5.86;11.49;5.86;5.86;5.86;18.58;13.73;5.1;5.86;14.26;33.44;5.3;5.86;12.47;12.4;.68;5.86;5.86;5.86;12.2;9.88;5.86;0;4.04;18;15.55;12.48;8.3;5.86;5.86;5.86;7.55;4.9;11.7;12.28;9.18;.16;5.86;27.6;11.22;10.25;39.9;4.84;13.3;7.04;24.6;13.42;10.2;21.3;16.03;30.77;24.06;15.15;12.63;1.15;6.88;31.17;7.67])/100;